Xenon
S   1
  1      7.48423264E+07           1.0000000
S   1
  1      6.50058918E+06           1.0000000
S   1
  1      9.24863019E+05      1.0000000
S   1
  1      1.61704848E+05        1.0000000
S   1
  1      3.26552168E+04        1.0000000
S   1
  1      7.41759707E+03       1.0000000
S   1
  1      1.85801382E+03        1.0000000
S   1
  1      5.04269972E+02          1.0000000
S   1
  1      1.41151661E+02        1.0000000
S   1
  1      4.23373885E+01        1.0000000
P   1
  1      7.12720009E+04        1.0000000
P   1
  1      7.49333216E+03         1.0000000
D   1
  1      9.56806256E+03         1.0000000

Radon
S   1
  1      5.84798489E+07           1.0000000
S   1
  1      5.32787165E+06           1.0000000
S   1
  1      8.46297726E+05      1.0000000
S   1
  1      1.73395901E+05        1.0000000
S   1
  1      4.10893642E+04        1.0000000
S   1
  1      1.06600587E+04       1.0000000
S   1
  1      2.95281483E+03        1.0000000
S   1
  1      8.61735059E+02          1.0000000
S   1
  1      2.62643649E+02        1.0000000
S   1
  1      8.44019334E+01        1.0000000
P   1
  1      6.40364278E+04        1.0000000
P   1
  1      1.09965430E+04         1.0000000
D   1
  1      1.12841311E+04         1.0000000


Oganesson
S   1
  1      5.24829947E+07           1.0000000
S   1
  1      4.73684339E+06           1.0000000
S   1
  1      7.28534875E+05      1.0000000
S   1
  1      1.44297065E+05        1.0000000
S   1
  1      3.35890318E+04        1.0000000
S   1
  1      8.73226428E+03        1.0000000
S   1
  1      2.45180201E+03        1.0000000
S   1
  1      7.36318594E+02          1.0000000
S   1
  1      2.36983112E+02        1.0000000
P   1
  1      6.29079454E+04        1.0000000
P   1
  1      1.33424951E+04        1.0000000
D   1
  1      7.72323690E+04         1.0000000
