Neon
S   1
  1         26393.74660000     1.00000000
S   1
  1          7918.12398000     1.00000000
S   1
  1          2375.43719400     1.00000000
S   1
  1           712.63115820     1.00000000
S   1
  1           213.78934746     1.00000000
S   1
  1            64.13680424     1.00000000
S   1
  1            19.24104127     1.00000000
S   1
  1             5.77231238     1.00000000
S   1
  1             1.73169371     1.00000000
S   1
  1             0.51950811     1.00000000
P   1
  1           101.35652900     1.00000000
P   1
  1            30.40695870     1.00000000
P   1
  1             9.12208761     1.00000000
P   1
  1             2.73662628     1.00000000
P   1
  1             0.82098788     1.00000000
P   1
  1             0.24629637     1.00000000
D   1
  1             2.16640868     1.00000000

Argon
S   1
  1        216279.42100000     1.00000000
S   1
  1         62721.03209000     1.00000000
S   1
  1         18189.09930610     1.00000000
S   1
  1          5274.83879877     1.00000000
S   1
  1          1529.70325164     1.00000000
S   1
  1           443.61394298     1.00000000
S   1
  1           128.64804346     1.00000000
S   1
  1            37.30793260     1.00000000
S   1
  1            10.81930046     1.00000000
S   1
  1             3.13759713     1.00000000
P   1
  1           494.78213600     1.00000000
P   1
  1           158.33028352     1.00000000
P   1
  1            50.66569073     1.00000000
P   1
  1            16.21302103     1.00000000
P   1
  1             5.18816673     1.00000000
P   1
  1             1.66021335     1.00000000
D   1
  1            11.39411410     1.00000000

Krypton
S   1
  1       4140987.36000000     1.00000000
S   1
  1       1035246.84000000     1.00000000
S   1
  1        258811.71000000     1.00000000
S   1
  1         64702.92750000     1.00000000
S   1
  1         16175.73187500     1.00000000
S   1
  1          4043.93296875     1.00000000
S   1
  1          1010.98324219     1.00000000
S   1
  1           252.74581055     1.00000000
S   1
  1            63.18645264     1.00000000
S   1
  1            15.79661316     1.00000000
P   1
  1          9015.90791000     1.00000000
P   1
  1          2253.97697750     1.00000000
P   1
  1           563.49424437     1.00000000
P   1
  1           140.87356109     1.00000000
P   1
  1            35.21839027     1.00000000
P   1
  1             8.80459757     1.00000000
D   1
  1           225.93950900     1.00000000

Xenon
S   1
  1       9042927.43000000     1.00000000
S   1
  1       2305946.49465000     1.00000000
S   1
  1        588016.35613575     1.00000000
S   1
  1        149944.17081462     1.00000000
S   1
  1         38235.76355773     1.00000000
S   1
  1          9750.11970722     1.00000000
S   1
  1          2486.28052534     1.00000000
S   1
  1           634.00153396     1.00000000
S   1
  1           161.67039116     1.00000000
S   1
  1            41.22594975     1.00000000
P   1
  1          9368.56349000     1.00000000
P   1
  1          2904.25468190     1.00000000
P   1
  1           900.31895139     1.00000000
P   1
  1           279.09887493     1.00000000
P   1
  1            86.52065123     1.00000000
P   1
  1            26.82140188     1.00000000
D   1
  1          1959.59651000     1.00000000

Ytterbium
S   1
  1      13960190.40000000     1.00000000
S   1
  1       3280644.74400000     1.00000000
S   1
  1        770951.51484000     1.00000000
S   1
  1        181173.60598740     1.00000000
S   1
  1         42575.79740704     1.00000000
S   1
  1         10005.31239065     1.00000000
S   1
  1          2351.24841180     1.00000000
S   1
  1           552.54337677     1.00000000
S   1
  1           129.84769354     1.00000000
S   1
  1            30.51420798     1.00000000
P   1
  1         26126.44170000     1.00000000
P   1
  1          8360.46134400     1.00000000
P   1
  1          2675.34763008     1.00000000
P   1
  1           856.11124163     1.00000000
P   1
  1           273.95559732     1.00000000
P   1
  1            87.66579114     1.00000000
D   1
  1          4755.87491000     1.00000000


Radon
S   1
  1      14679405.90000000     1.00000000
S   1
  1       3669851.47500000     1.00000000
S   1
  1        917462.86875000     1.00000000
S   1
  1        229365.71718750     1.00000000
S   1
  1         57341.42929688     1.00000000
S   1
  1         14335.35732422     1.00000000
S   1
  1          3583.83933105     1.00000000
S   1
  1           895.95983276     1.00000000
S   1
  1           223.98995819     1.00000000
S   1
  1            55.99748955     1.00000000
P   1
  1         57089.88290000     1.00000000
P   1
  1         17126.96487000     1.00000000
P   1
  1          5138.08946100     1.00000000
P   1
  1          1541.42683830     1.00000000
P   1
  1           462.42805149     1.00000000
P   1
  1           138.72841545     1.00000000
D   1
  1          1253.85658000     1.00000000

Oganesson
S   1
  1      52454343.40000000     1.00000000
S   1
  1      13113585.85000000     1.00000000
S   1
  1       3278396.46250000     1.00000000
S   1
  1        819599.11562500     1.00000000
S   1
  1        204899.77890625     1.00000000
S   1
  1         51224.94472656     1.00000000
S   1
  1         12806.23618164     1.00000000
S   1
  1          3201.55904541     1.00000000
S   1
  1           800.38976135     1.00000000
S   1
  1           200.09744034     1.00000000
P   1
  1        439439.15400000     1.00000000
P   1
  1        109859.78850000     1.00000000
P   1
  1         27464.94712500     1.00000000
P   1
  1          6866.23678125     1.00000000
P   1
  1          1716.55919531     1.00000000
P   1
  1           429.13979883     1.00000000
D   1
  1          6927.42965000     1.00000000

