Argon
S   1
  1        216279.42100000     1.00000000
S   1
  1         64883.82630000     1.00000000
S   1
  1         19465.14789000     1.00000000
S   1
  1          5839.54436700     1.00000000
S   1
  1          1751.86331010     1.00000000
S   1
  1           525.55899303     1.00000000
S   1
  1           157.66769791     1.00000000
S   1
  1            47.30030937     1.00000000
S   1
  1            14.19009281     1.00000000
S   1
  1             4.25702784     1.00000000
S   1
  1             1.27710835     1.00000000
S   1
  1             0.38313251     1.00000000
P   1
  1           494.78213600     1.00000000
P   1
  1           160.80419420     1.00000000
P   1
  1            52.26136312     1.00000000
P   1
  1            16.98494301     1.00000000
P   1
  1             5.52010648     1.00000000
P   1
  1             1.79403461     1.00000000
P   1
  1             0.58306125     1.00000000
P   1
  1             0.18949491     1.00000000
D   1
  1            11.39411410     1.00000000
D   1
  1             2.84852852     1.00000000
D   1
  1             0.71213213     1.00000000


