Ytterbium
S   1
  1      13960190.40000000     1.00000000
S   1
  1       4188057.12000000     1.00000000
S   1
  1       1256417.13600000     1.00000000
S   1
  1        376925.14080000     1.00000000
S   1
  1        113077.54224000     1.00000000
S   1
  1         33923.26267200     1.00000000
S   1
  1         10176.97880160     1.00000000
S   1
  1          3053.09364048     1.00000000
S   1
  1           915.92809214     1.00000000
S   1
  1           274.77842764     1.00000000
P   1
  1       3391283.49000000     1.00000000
P   1
  1        847820.87250000     1.00000000
D   1
  1          4755.87491000     1.00000000
