
BERYLLIUM
S   1
  1      5.83205813E+04              1.0000000
S   1
  1      8.57491851E+03              1.0000000
S   1
  1      1.93049738E+03              1.0000000
S   1
  1      5.42828734E+02              1.0000000
S   1
  1      1.76151050E+02              1.0000000
S   1
  1      6.33348080E+01              1.0000000
S   1
  1      2.46053217E+01              1.0000000
S   1
  1      1.01303767E+01              1.0000000
S   1
  1      4.35324355E+00              1.0000000
S   1
  1      1.93804832E+00              1.0000000
S   1
  1      8.71465714E-01             1.0000000
S   1
  1      2.47833689E-01             1.0000000
S   1
  1      1.01026182E-01             1.0000000
S   1
  1      4.13322544E-02            1.0000000
P   1
  1      4.09713585E+01              1.0000000
P   1
  1      9.64448228E+00              1.0000000
P   1
  1      2.99814660E+00              1.0000000
P   1
  1      1.04950925E+00              1.0000000
P   1
  1      4.04947150E-01             1.0000000
P   1
  1      1.65880377E-01          1.0000000
P   1 
  1      6.96137454E-02          1.0000000
P   1
  1      2.92979655E-02          1.0000000
D   1
  1      9.04771923E+00          1.0000000
D   1
  1      3.71919015E-01          1.0000000
D   1 
  1      1.94872657E-01          1.0000000
F   1
  1      3.66942695E-01          1.0000000


Neon
S   1
  1      3.96947614E+05              1.0000000
S   1
  1      5.44443048E+04              1.0000000
S   1
  1      1.17525108E+04              1.0000000
S   1
  1      3.21089589E+03              1.0000000
S   1
  1      1.02006148E+03              1.0000000
S   1
  1      3.60686567E+02              1.0000000
S   1
  1      1.38211221E+02              1.0000000
S   1
  1      5.62889087E+01              1.0000000
S   1
  1      2.40137989E+01              1.0000000
S   1
  1      1.05814807E+01              1.0000000
S   1
  1      4.61947110E+00             1.0000000
S   1
  1      1.88234675E+00             1.0000000
S   1
  1      7.52704176E-01             1.0000000
S   1
  1      2.93186695E-01            1.0000000
P   1
  1      3.11489673E+02              1.0000000
P   1
  1      7.26198672E+01              1.0000000
P   1
  1      2.29555900E+01              1.0000000
P   1
  1      8.40148544E+00              1.0000000
P   1
  1      3.32657461E+00             1.0000000
P   1
  1      1.33518856E+00         1.0000000
P   1 
  1      5.21429760E-01          1.0000000
P   1
  1      1.92869104E-01          1.0000000
D   1
  1      6.04818445E+01          1.0000000
D   1
  1      3.98165568E+00          1.0000000
D   1 
  1      1.12359377E+00          1.0000000
F   1
  1      2.47554062E+00          1.0000000

Argon
S   1
  1      9.29804024E+05              1.0000000
S   1
  1      1.83141376E+05              1.0000000
S   1
  1      4.65367591E+04              1.0000000
S   1
  1      1.39689020E+04              1.0000000
S   1
  1      4.72221320E+03              1.0000000
S   1
  1      1.74628020E+03              1.0000000
S   1
  1      6.92940001E+02              1.0000000
S   1
  1      2.90944261E+02              1.0000000
S   1
  1      1.27828896E+02              1.0000000
S   1
  1      5.82130329E+01              1.0000000
S   1
  1      2.69343388E+01             1.0000000
S   1
  1      1.11938854E+01             1.0000000
S   1
  1      5.27141112E+00             1.0000000
S   1
  1      2.46860868E+00            1.0000000
P   1
  1      5.33026274E+02              1.0000000
P   1
  1      1.65209498E+02              1.0000000
P   1
  1      6.07339194E+01              1.0000000
P   1
  1      2.47361689E+01              1.0000000
P   1
  1      1.06493613E+01             1.0000000
P   1
  1      4.72977240E+00          1.0000000
P   1 
  1      2.12561764E+00          1.0000000
P   1
  1      8.74705661E-01          1.0000000
D   1
  1      2.19210701E+01          1.0000000
D   1
  1      7.00414150E+00          1.0000000
D   1 
  1      2.92807512E+00          1.0000000
F   1
  1      1.34145959E+01          1.0000000

Krypton
S   1
  1      1.17633306E+07              1.0000000
S   1
  1      8.23363353E+05              1.0000000
S   1
  1      2.61516067E+05              1.0000000
S   1
  1      9.07657147E+04              1.0000000
S   1
  1      3.39150797E+04              1.0000000
S   1
  1      1.34834584E+04              1.0000000
S   1
  1      5.65094954E+03              1.0000000
S   1
  1      2.47770238E+03              1.0000000
S   1
  1      1.12920507E+03              1.0000000
S   1
  1      5.31866563E+02              1.0000000
S   1
  1      2.57438888E+02             1.0000000
S   1
  1      1.26649609E+02             1.0000000
S   1
  1      3.09998310E+01             1.0000000
S   1
  1      7.75114559E+00            1.0000000
P   1
  1      2.04447512E+03              1.0000000
P   1
  1      3.09979671E+02              1.0000000
P   1
  1      1.37692414E+02             1.0000000
P   1
  1      6.44218662E+01              1.0000000
P   1
  1      1.54446498E+01             1.0000000
P   1
  1      7.43056540E+00          1.0000000
P   1 
  1      1.68783305E+00          1.0000000
P   1
  1      6.86733279E-01          1.0000000
D   1
  1      2.22127617E+02          1.0000000
D   1
  1      3.64474259E+01          1.0000000
D   1 
  1      7.99833116E+00          1.0000000
F   1
  1      1.39583200E+01          1.0000000

Xenon
S   1
  1      1.95885756E+07              1.0000000
S   1
  1      2.36607377E+06              1.0000000
S   1
  1      9.24863019E+05              1.0000000
S   1
  1      3.78820775E+05              1.0000000
S   1
  1      1.61704848E+05              1.0000000
S   1
  1      3.26552168E+04              1.0000000
S   1
  1      7.41759707E+03              1.0000000
S   1
  1      3.67129605E+03              1.0000000
S   1
  1      1.85801382E+03              1.0000000
S   1
  1      9.59489204E+02              1.0000000
S   1
  1      5.04269972E+02             1.0000000
S   1
  1      1.41151661E+02             1.0000000
S   1
  1      4.23373885E+01             1.0000000
S   1
  1      7.32385894E+00            1.0000000
P   1
  1      2.16623676E+04              1.0000000
P   1
  1      2.89448485E+03              1.0000000
P   1
  1      5.52689742E+02             1.0000000
P   1
  1      1.30846524E+02              1.0000000
P   1
  1      3.45840034E+01             1.0000000
P   1
  1      9.34468903E+00          1.0000000
P   1 
  1      2.40022684E+00          1.0000000
P   1
  1      4.92315492E-01          1.0000000
D   1
  1      2.51543754E+03           1.0000000
D   1
  1      1.80551164E+02          1.0000000
D   1 
  1      1.34747076E+01          1.0000000
F   1
  1      4.99356540E+00          1.0000000


Radon
S   1
  1      1.55661447E+07              1.0000000
S   1
  1      2.02832277E+06              1.0000000
S   1
  1      3.73833194E+05              1.0000000
S   1
  1      8.32206424E+04              1.0000000
S   1
  1      2.07335353E+04              1.0000000
S   1
  1      5.56967131E+03              1.0000000
S   1
  1      1.58620869E+03              1.0000000
S   1
  1      4.70952776E+02              1.0000000
S   1
  1      1.48209526E+02              1.0000000
S   1
  1      4.90578503E+01             1.0000000
S   1
  1      1.64592887E+01             1.0000000
S   1
  1      5.42043507E+00             1.0000000
S   1
  1      1.68144512E+00             1.0000000
S   1
  1      4.35448673E-01           1.0000000
P   1
  1      1.65743754E+05              1.0000000
P   1
  1      2.59205726E+04              1.0000000
P   1
  1      4.89189488E+03             1.0000000
P   1
  1      1.10714451E+03              1.0000000
P   1
  1      2.89263780E+02             1.0000000
P   1
  1      8.20609431E+01          1.0000000
P   1 
  1      2.46562537E+01          1.0000000
P   1
  1      7.10603253E+00          1.0000000
D   1
  1      3.77649334E+03           1.0000000
D   1
  1      6.77379248E+02          1.0000000
D   1 
  1      1.67204077E+02          1.0000000
F   1
  1      4.27823687E+02          1.0000000


Oganesson
S   1
  1      5.24829947E+07              1.0000000
S   1
  1      4.73684339E+06              1.0000000
S   1
  1      1.77563958E+06              1.0000000
S   1
  1      7.28534875E+05              1.0000000
S   1
  1      1.44297065E+05              1.0000000
S   1
  1      3.35890318E+04              1.0000000
S   1
  1      8.73226428E+03              1.0000000
S   1
  1      2.45180201E+03              1.0000000
S   1
  1      1.33079064E+03              1.0000000
S   1
  1      7.36318594E+02              1.0000000
S   1
  1      2.36983112E+02             1.0000000
S   1
  1      1.37043730E+02             1.0000000
S   1
  1      8.03160527E+01             1.0000000
S   1
  1      2.78607743E+01             1.0000000
S   1
  1      1.65135652E+01             1.0000000
S   1
  1      9.78413265E+00            1.0000000
S   1
  1      3.00757843E+00            1.0000000
S   1
  1      9.17009847E-01            1.0000000
P   1
  1      7.45064127E+05              1.0000000
P   1
  1      1.40668494E+05              1.0000000
P   1
  1      2.86757613E+04             1.0000000
P   1
  1      6.35218988E+03              1.0000000
P   1
  1      1.55477667E+03             1.0000000
P   1
  1      4.20694480E+02          1.0000000
P   1 
  1      1.23495363E+02          1.0000000
P   1
  1      3.74685165E+01          1.0000000
P   1
  1      1.16445616E+01         1.0000000
P   1
  1      3.35723395E+00          1.0000000
P   1
  1      8.53233524E-01          1.0000000
D   1
  1      3.68119517E+03           1.0000000
D   1
  1      1.68017334E+03          1.0000000
D   1 
  1      2.25102266E+02         1.0000000
D   1
  1      6.88142235E+01         1.0000000
D   1
  1      2.17005480E+01         1.0000000
F   1    
  1      3.06489942E+03          1.0000000
F   1    
  1      4.18016911E+02          1.0000000
F   1
  1      9.91536067E+01          1.0000000
