
Neon
S   1
  1      2.63937466E+04              1.0000000
S   1
  1      3.84039579E+03              1.0000000
S   1
  1      8.58347380E+02              1.0000000
S   1
  1      2.39831047E+02              1.0000000
S   1
  1      7.70985719E+01              1.0000000
S   1
  1      2.71659873E+01              1.0000000
S   1
  1      1.00621973E+01              1.0000000
S   1
  1      2.88859221E+00              1.0000000
S   1
  1      1.11904975E+00              1.0000000
S   1
  1      3.82176942E-01              1.0000000
P   1
  1      1.01356529E+02              1.0000000
P   1
  1      2.34055004E+01              1.0000000
P   1
  1      7.16482787E+00              1.0000000
P   1
  1      2.45525847E+00              1.0000000
P   1
  1      8.37825292E-01             1.0000000
P   1
  1      2.67057270E-01         1.0000000
D   1
  1      2.16640868E+00          1.0000000

Argon
S   1
  1      2.16279421E+05              1.0000000
S   1
  1      2.90551539E+04              1.0000000
S   1
  1      6.18297423E+03              1.0000000
S   1
  1      1.67123592E+03              1.0000000
S   1
  1      5.26420305E+02              1.0000000
S   1
  1      1.84680306E+02              1.0000000
S   1
  1      7.02381594E+01              1.0000000
S   1
  1      2.80283299E+01              1.0000000
S   1
  1      7.80955209E+00              1.0000000
S   1
  1      3.05293044E+00              1.0000000
P   1
  1      4.94782136E+02              1.0000000
P   1
  1      1.13634523E+02              1.0000000
P   1
  1      3.54180102E+01              1.0000000
P   1
  1      1.26478698E+01              1.0000000
P   1
  1      4.76934758E+00             1.0000000
P   1
  1      1.76329840E+00          1.0000000
D   1
  1      1.13941141E+01         1.0000000

Krypton
S   1
  1      4.14098736E+06              1.0000000
S   1
  1      4.88473543E+05              1.0000000
S   1
  1      9.26640299E+04              1.0000000
S   1
  1      2.27776348E+04              1.0000000
S   1
  1      6.64418072E+03              1.0000000
S   1
  1      7.92722388E+02             1.0000000
S   1
  1      3.08512335E+02              1.0000000
S   1
  1      1.26083423E+02              1.0000000
S   1
  1      1.72720374E+01              1.0000000
S   1
  1      5.39736984E+00              1.0000000
P   1
  1      1.73131083E+03              1.0000000
P   1
  1      5.02261944E+02              1.0000000
P   1
  1      1.77201567E+02             1.0000000
P   1
  1      2.93416011E+01              1.0000000
P   1
  1      1.25014174E+01             1.0000000
P   1
  1      2.15741984E+00         1.0000000
D   1
  1      6.64569801E+01          1.0000000

Xenon
S   1
  1      9.04292743E+06              1.0000000
S   1
  1      6.14117878E+05              1.0000000
S   1
  1      1.91258945E+05              1.0000000
S   1
  1      6.49876195E+04              1.0000000
S   1
  1      9.24138595E+03              1.0000000
S   1
  1      1.62580877E+03              1.0000000
S   1
  1      3.31147981E+02              1.0000000
S   1
  1      7.18803328E+01              1.0000000
S   1
  1      1.51571648E+01              1.0000000
S   1
  1      2.98773483E+00              1.0000000
P   1
  1      9.36856349E+03              1.0000000
P   1
  1      9.72894041E+02              1.0000000
P   1
  1      1.65397231E+02             1.0000000
P   1
  1      3.45694513E+01              1.0000000
P   1
  1      7.70648406E+00             1.0000000
P   1
  1      3.24418792E+00          1.0000000
D   1
  1      2.07645956E+02           1.0000000


Radon
S   1
  1      1.46794059E+07              1.0000000
S   1
  1      1.66787655E+06              1.0000000
S   1
  1      2.44681432E+05              1.0000000
S   1
  1      4.19595350E+04              1.0000000
S   1
  1      8.16322270E+03              1.0000000
S   1
  1      1.76799035E+03              1.0000000
S   1
  1      4.04118111E+02              1.0000000
S   1
  1      1.05354324E+02              1.0000000
S   1
  1      2.73375318E+01              1.0000000
S   1
  1      6.63534680E+00             1.0000000
P   1
  1      5.70898829E+04              1.0000000
P   1
  1      6.70190435E+03              1.0000000
P   1
  1      1.10574454E+03             1.0000000
P   1
  1      2.32404364E+02              1.0000000
P   1
  1      5.53557248E+01             1.0000000
P   1
  1      1.31728352E+01          1.0000000
D   1
  1      1.25385658E+03           1.0000000


Oganesson
S   1
  1      5.24543434E+07              1.0000000
S   1
  1      4.72586931E+06              1.0000000
S   1
  1      7.20004310E+05              1.0000000
S   1
  1      1.37804335E+05              1.0000000
S   1
  1      2.96875536E+04              1.0000000
S   1
  1      6.84986815E+03              1.0000000
S   1
  1      1.67684236E+03              1.0000000
S   1
  1      4.39087321E+02              1.0000000
S   1
  1      1.25971789E+02              1.0000000
S   1
  1      3.54206791E+01             1.0000000
P   1
  1      5.80943914E+04              1.0000000
P   1
  1      8.92013696E+03              1.0000000
P   1
  1      1.62573603E+03             1.0000000
P   1
  1      3.50951511E+02              1.0000000
P   1
  1      8.47054959E+01             1.0000000
P   1
  1      2.14933937E+01          1.0000000
D   1
  1      2.17092956E+04           1.0000000
