BERYLLIUM
S   1
  1          6409.43779000     1.00000000
S   1
  1          1602.35944750     1.00000000
S   1
  1           400.58986187     1.00000000
S   1
  1           100.14746547     1.00000000
S   1
  1            25.03686637     1.00000000
S   1
  1             6.25921659     1.00000000
S   1
  1             1.56480415     1.00000000
S   1
  1             0.39120104     1.00000000
S   1
  1             0.09780026     1.00000000
S   1
  1             0.02445006     1.00000000
P   1
  1            13.18001010     1.00000000
P   1
  1             3.29500253     1.00000000
P   1
  1             0.82375063     1.00000000
P   1
  1             0.20593766     1.00000000
P   1
  1             0.05148441     1.00000000
P   1
  1             0.01287110     1.00000000
D   1
  1             0.27121726     1.00000000

Neon
S   1
  1         26393.74660000     1.00000000
S   1
  1          7918.12398000     1.00000000
S   1
  1          2375.43719400     1.00000000
S   1
  1           712.63115820     1.00000000
S   1
  1           213.78934746     1.00000000
S   1
  1            64.13680424     1.00000000
S   1
  1            19.24104127     1.00000000
S   1
  1             5.77231238     1.00000000
S   1
  1             1.73169371     1.00000000
S   1
  1             0.51950811     1.00000000
P   1
  1           101.35652900     1.00000000
P   1
  1            25.33913225     1.00000000
P   1
  1             6.33478306     1.00000000
P   1
  1             1.58369577     1.00000000
P   1
  1             0.39592394     1.00000000
P   1
  1             0.09898099     1.00000000
D   1
  1             2.16640868     1.00000000

Argon
S   1
  1        216279.42100000     1.00000000
S   1
  1         56232.64946000     1.00000000
S   1
  1         14620.48885960     1.00000000
S   1
  1          3801.32710350     1.00000000
S   1
  1           988.34504691     1.00000000
S   1
  1           256.96971220     1.00000000
S   1
  1            66.81212517     1.00000000
S   1
  1            17.37115254     1.00000000
S   1
  1             4.51649966     1.00000000
S   1
  1             1.17428991     1.00000000
P   1
  1           494.78213600     1.00000000
P   1
  1           123.69553400     1.00000000
P   1
  1            30.92388350     1.00000000
P   1
  1             7.73097087     1.00000000
P   1
  1             1.93274272     1.00000000
P   1
  1             0.48318568     1.00000000
D   1
  1            11.39411410     1.00000000

Krypton
S   1
  1       4140987.36000000     1.00000000
S   1
  1        952427.09280000     1.00000000
S   1
  1        219058.23134400     1.00000000
S   1
  1         50383.39320912     1.00000000
S   1
  1         11588.18043810     1.00000000
S   1
  1          2665.28150076     1.00000000
S   1
  1           613.01474518     1.00000000
S   1
  1           140.99339139     1.00000000
S   1
  1            32.42848002     1.00000000
S   1
  1             7.45855040     1.00000000
P   1
  1          9015.90791000     1.00000000
P   1
  1          2253.97697750     1.00000000
P   1
  1           563.49424437     1.00000000
P   1
  1           140.87356109     1.00000000
P   1
  1            35.21839027     1.00000000
P   1
  1             8.80459757     1.00000000
D   1
  1           225.93950900     1.00000000

Xenon
S   1
  1       9042927.43000000     1.00000000
S   1
  1       2079873.30890000     1.00000000
S   1
  1        478370.86104700     1.00000000
S   1
  1        110025.29804081     1.00000000
S   1
  1         25305.81854939     1.00000000
S   1
  1          5820.33826636     1.00000000
S   1
  1          1338.67780126     1.00000000
S   1
  1           307.89589429     1.00000000
S   1
  1            70.81605569     1.00000000
S   1
  1            16.28769281     1.00000000
P   1
  1        281773.74700000     1.00000000
P   1
  1         70443.43675000     1.00000000
P   1
  1         17610.85918750     1.00000000
P   1
  1          4402.71479687     1.00000000
P   1
  1          1100.67869922     1.00000000
P   1
  1           275.16967480     1.00000000
D   1
  1          1959.59651000     1.00000000

Radon
S   1
  1      14679405.90000000     1.00000000
S   1
  1       3669851.47500000     1.00000000
S   1
  1        917462.86875000     1.00000000
S   1
  1        229365.71718750     1.00000000
S   1
  1         57341.42929688     1.00000000
S   1
  1         14335.35732422     1.00000000
S   1
  1          3583.83933105     1.00000000
S   1
  1           895.95983276     1.00000000
S   1
  1           223.98995819     1.00000000
S   1
  1            55.99748955     1.00000000
P   1
  1      17282412.20000000     1.00000000
P   1
  1       4320603.05000000     1.00000000
P   1
  1       1080150.76250000     1.00000000
P   1
  1        270037.69062500     1.00000000
P   1
  1         67509.42265625     1.00000000
P   1
  1         16877.35566406     1.00000000
D   1
  1          1253.85658000     1.00000000




