HYDROGEN
S   1
  1      82.9687389             1.0000000
S   1
  1      12.4571508             1.0000000
S   1
  1      2.83382422             1.0000000
S   1
  1      0.800164139            1.0000000
S   1
  1      0.258629441            1.0000000
S   1
  1      0.089976770            1.0000000
P   1
  1      0.502448897            1.0000000

HELIUM
S   1
  1      234.522333             1.0000000
S   1
  1      35.2200252             1.0000000
S   1
  1      7.99840299             1.0000000
S   1
  1      2.21385929             1.0000000
S   1
  1      0.667371603            1.0000000
S   1
  1      0.209005872            1.0000000
P   1
  1      1.27228449             1.0000000

LITHIUM
S   1
  1      3355.11989             1.0000000
S   1
  1      501.233011             1.0000000
S   1
  1      113.838273             1.0000000
S   1
  1      32.1730657             1.0000000
S   1
  1      10.4340051             1.0000000
S   1
  1      3.68402247             1.0000000
S   1
  1      1.36667189             1.0000000
S   1
  1      0.51776282             1.0000000
S   1
  1      0.744368272            1.0000000
S   1
  1      0.28202381             1.0000000
P   1
  1      6.25548696             1.0000000
P   1
  1      1.37071123             1.0000000
P   1
  1      0.367290922            1.0000000
P   1
  1      0.119202868            1.0000000
P   1
  1      0.0447386748           1.0000000
P   1
  1      0.0179497017           1.0000000

BERYLLIUM
S   1
  1      6409.43779             1.0000000
S   1
  1      954.789411             1.0000000
S   1
  1      216.522522             1.0000000
S   1
  1      61.1703084             1.0000000
S   1
  1      19.8836699             1.0000000
S   1
  1      7.08885657             1.0000000
S   1
  1      2.68769158             1.0000000
S   1
  1      1.04861275             1.0000000
S   1
  1      0.180904262            1.0000000
S   1
  1      0.0586686838           1.0000000
P   1
  1      13.1800101             1.0000000
P   1
  1      2.96193922             1.0000000
P   1
  1      0.848448593            1.0000000
P   1
  1      0.28444586             1.0000000
P   1
  1      0.102251455            1.0000000
P   1
  1      0.037494873            1.0000000
D   1
  1      0.271217265            1.0000000

BORON
S   1
  1      9318.90933            1.0000000
S   1
  1      1383.81575            1.0000000
S   1
  1      313.231718            1.0000000
S   1
  1      88.3973383            1.0000000
S   1
  1      28.7378723            1.0000000
S   1
  1      10.2925898            1.0000000
S   1
  1      3.97389889            1.0000000
S   1
  1      1.61011130            1.0000000
S   1
  1      0.327059892           1.0000000
S   1
  1      0.102704305           1.0000000
P   1
  1      22.5301829            1.0000000
P   1
  1      5.11445067            1.0000000
P   1
  1      1.50095842            1.0000000
P   1
  1      0.509574383           1.0000000
P   1
  1      0.181570551           1.0000000
P   1
  1      0.0648912221          1.0000000
D   1
  1      0.346511210           1.0000000

CARBON
S   1
  1      8429.95851            1.0000000
S   1
  1      1250.53402            1.0000000
S   1
  1      282.743110            1.0000000
S   1
  1      79.6080882            1.0000000
S   1
  1      25.6825450            1.0000000
S   1
  1      9.02650296            1.0000000
S   1
  1      3.32774491            1.0000000
S   1
  1      0.906582082           1.0000000
S   1
  1      0.365254808           1.0000000
S   1
  1      0.128879080           1.0000000
P   1
  1      34.0303695            1.0000000
P   1
  1      7.77836858            1.0000000
P   1
  1      2.32153370            1.0000000
P   1
  1      0.793710219           1.0000000
P   1
  1      0.279198301           1.0000000
P   1
  1      0.0960203767          1.0000000
D   1
  1      0.552361971           1.0000000

NITROGEN
S   1    
  1      11881.1750           1.0000000
S   1
  1      1755.38845           1.0000000
S   1
  1      395.938764           1.0000000
S   1
  1      111.307086           1.0000000
S   1
  1      35.8959691           1.0000000
S   1
  1      12.6367612           1.0000000
S   1
  1      4.66951503           1.0000000
S   1
  1      1.29793688           1.0000000
S   1
  1      0.515279750          1.0000000
S   1
  1      0.179915698          1.0000000
P   1
  1      47.6179541           1.0000000
P   1
  1      10.9319427           1.0000000
P   1
  1      3.29673806           1.0000000
P   1
  1      1.12932532           1.0000000
P   1
  1      0.393173563          1.0000000
P   1
  1      0.131750516          1.0000000
D   1
  1      0.826922465          1.0000000

OXYGEN
S   1
  1      15992.5081           1.0000000
S   1
  1      2351.99842           1.0000000
S   1
  1      529.060079           1.0000000
S   1
  1      148.462548           1.0000000
S   1
  1      47.8417313           1.0000000
S   1
  1      16.8559662           1.0000000
S   1
  1      6.23711537           1.0000000
S   1
  1      1.75808802           1.0000000
S   1
  1      0.69068883           1.0000000
S   1
  1      0.23907829           1.0000000
P   1
  1      63.3409745           1.0000000
P   1
  1      14.5830479           1.0000000
P   1
  1      4.42797374           1.0000000
P   1
  1      1.51782600           1.0000000
P   1
  1      0.524175730          1.0000000
P   1
  1      0.172133105          1.0000000
D   1
  1      1.17766132           1.0000000

FLUORINE
S   1
  1      20812.2193           1.0000000
S   1
  1      3045.24252           1.0000000
S   1
  1      682.912687           1.0000000
S   1
  1      191.245323           1.0000000
S   1
  1      61.5619638           1.0000000
S   1
  1      21.6954416           1.0000000
S   1
  1      8.03372746           1.0000000
S   1
  1      2.28806696           1.0000000
S   1
  1      0.891891561          1.0000000
S   1
  1      0.306490573          1.0000000
P   1
  1      81.2382078           1.0000000
P   1
  1      18.7382214           1.0000000
P   1
  1      5.71665823           1.0000000
P   1
  1      1.95959041           1.0000000
P   1
  1      0.672331544          1.0000000
P   1
  1      0.217227007          1.0000000
D   1
  1      1.61811961           1.0000000

NEON
S   1
  1      26393.7466           1.0000000
S   1
  1      3840.39579           1.0000000
S   1
  1      858.347380           1.0000000
S   1
  1      239.831047           1.0000000
S   1
  1      77.0985719           1.0000000
S   1
  1      27.1659873           1.0000000
S   1
  1      10.0621973           1.0000000
S   1
  1      2.88859221           1.0000000
S   1
  1      1.11904975           1.0000000
S   1
  1      0.382176942          1.0000000
P   1
  1      101.356529           1.0000000
P   1
  1      23.4055004           1.0000000
P   1
  1      7.16482787           1.0000000
P   1
  1      2.45525847           1.0000000
P   1
  1      0.837825292          1.0000000
P   1
  1      0.267057270          1.0000000
D   1
  1      2.16640868           1.0000000

Argon
S   1
  1      2.16279421E+05           1.0000000
S   1
  1      2.90551539E+04           1.0000000
S   1
  1      6.18297423E+03           1.0000000
S   1
  1      1.67123592E+03           1.0000000
S   1
  1      5.26420305E+02           1.0000000
S   1
  1      1.84680306E+02           1.0000000
S   1
  1      7.02381594E+01           1.0000000
S   1
  1      2.80283299E+01           1.0000000
S   1
  1      7.80955209E+00           1.0000000
S   1
  1      3.05293044E+00          1.0000000
S   1
  1      6.55213131E-01           1.0000000
S   1
  1      2.35714250E-01          1.0000000
P   1
  1      4.94782136E+02           1.0000000
P   1
  1      1.13634523E+02           1.0000000
P   1
  1      3.54180102E+01           1.0000000
P   1
  1      1.26478698E+01           1.0000000
P   1
  1      4.76934758E+00          1.0000000
P   1
  1      1.76329840E+00          1.0000000
P   1
  1      6.10804371E-01          1.0000000
P   1
  1      1.89399130E-01          1.0000000
D   1
  1      1.13941141E+01           1.0000000
D   1
  1      2.92464004E+00           1.0000000
D   1
  1      7.40546739E-01           1.0000000


Krypton
S   1
  1      4.14098736E+06           1.0000000
S   1
  1      4.88473543E+05           1.0000000
S   1
  1      9.26640299E+04           1.0000000
S   1
  1      2.27776348E+04           1.0000000
S   1
  1      6.64418072E+03           1.0000000
S   1
  1      2.19109855E+03           1.0000000
S   1
  1      7.92722388E+02           1.0000000
S   1
  1      3.08512335E+02           1.0000000
S   1
  1      1.26083423E+02           1.0000000
S   1
  1      4.03665991E+01          1.0000000
S   1
  1      1.72720374E+01           1.0000000
S   1
  1      5.39736984E+00          1.0000000
S   1
  1      2.37509131E+00           1.0000000
S   1
  1      5.03394409E-01           1.0000000
S   1
  1      1.92437314E-01           1.0000000
P   1
  1      9.01590791E+03           1.0000000
P   1
  1      1.73131083E+03           1.0000000
P   1
  1      5.02261944E+02           1.0000000
P   1
  1      1.77201567E+02           1.0000000
P   1
  1      6.98507883E+01           1.0000000
P   1
  1      2.93416011E+01           1.0000000
P   1
  1      1.25014174E+01           1.0000000
P   1
  1      5.21990010E+00           1.0000000
P   1
  1      2.15741984E+00           1.0000000
P   1
  1      5.74981830E-01           1.0000000
P   1
  1      1.74772323E-01           1.0000000
D   1
  1      2.25939509E+02           1.0000000
D   1
  1      6.64569801E+01          1.0000000
D   1
  1      2.44283436E+01          1.0000000
D   1
  1      9.88093527E+00          1.0000000
D   1
  1      4.03887103E+00          1.0000000
D   1
  1      1.58810227E+00           1.0000000
D   1
  1      4.65251237E-01           1.0000000
F   1
  1      7.46380700E+00           1.0000000
F   1
  1      2.09744120E+00           1.0000000


Xenon
S   1
  1      4.79578326E+07           1.0000000
S   1
  1      9.04292743E+06           1.0000000
S   1
  1      2.19959406E+06           1.0000000
S   1
  1      6.14117878E+05           1.0000000
S   1
  1      1.91258945E+05           1.0000000
S   1
  1      6.49876195E+04           1.0000000
S   1
  1      2.37589185E+04           1.0000000
S   1
  1      9.24138595E+03           1.0000000
S   1
  1      3.78988485E+03           1.0000000
S   1
  1      1.62580877E+03          1.0000000
S   1
  1      7.24292309E+02           1.0000000
S   1
  1      3.31147981E+02          1.0000000
S   1
  1      1.45745038E+02           1.0000000
S   1
  1      7.18803328E+01           1.0000000
S   1
  1      3.53927479E+01           1.0000000
S   1
  1      1.51571648E+01           1.0000000
S   1
  1      7.66704355E+00          1.0000000
S   1
  1      2.98773483E+00          1.0000000
S   1
  1      1.43153305E+00          1.0000000
S   1
  1      3.67400732E-01          1.0000000
S   1
  1      1.44011855E-01           1.0000000
P   1
  1      2.81773747E+05           1.0000000
P   1
  1      4.14212882E+04           1.0000000
P   1
  1      9.36856349E+03           1.0000000
P   1
  1      2.76346063E+03           1.0000000
P   1
  1      9.72894041E+02           1.0000000
P   1
  1      3.85623880E+02           1.0000000
P   1
  1      1.65397231E+02           1.0000000
P   1
  1      7.48094176E+01           1.0000000
P   1
  1      3.45694513E+01           1.0000000
P   1
  1      1.60788107E+01           1.0000000
P   1
  1      7.70648406E+00           1.0000000
P   1
  1      3.24418792E+00          1.0000000
P   1
  1      1.41638808E+00           1.0000000
P   1
  1      3.98205340E-01          1.0000000
P   1
  1      1.30222232E-01           1.0000000
D   1
  1      1.95959651E+03           1.0000000
D   1
  1      5.53672740E+02          1.0000000
D   1
  1      2.07645956E+02          1.0000000
D   1
  1      8.88217231E+01          1.0000000
D   1
  1      4.09925340E+01          1.0000000
D   1
  1      1.95816201E+01           1.0000000
D   1
  1      9.56107055E+00           1.0000000
D   1
  1      4.54825152E+00           1.0000000
D   1
  1      2.10524778E+00           1.0000000
D   1
  1      9.27044060E-01           1.0000000
D   1
  1      3.39242330E-01           1.0000000
F   1
  1      2.91412710E+00           1.0000000
F   1
  1      1.38446680E+00           1.0000000


